Textdatei mit allen Informationen zu Standardformationen


Abwehr
3 Spieler
    Flach:              -30,10; -30,0; -30,-10

4 Spieler
    Außen höher:        -25,15; -30,5; -30,-5; -25,-15

5 Spieler
    Außen höher:        -25,20; -30,10; -30,0; -30,-10; -25,-20


Mittelfeld
2 Spieler
    Doppel Sechs:       -20,5; -20,-5
    Zwei Zehner:        -10,5; -10,-5

3 Spieler
    Zwei 6er:           -20,10; -15,0; -20,-10
    Zwei 8er:           -15,10; -20,0; -15,-10

4 Spieler
    Flach:              -20,15; -20,5; -20,-5; -20,-15
    Außen höher:        -15,15; -20,5; -20,-5; -15,-15
    Raute:              -15,15; -20,0; -10,0; -15,-15

Sturm
1 Spieler
    Einzelne Spitze:    -5,0

2 Spieler
    Zwei Spitzen:       -10,5; -10,-5
    Hängende Spitze:    -10,5; -5,-5

3 Spieler
    Zwei Hängende:      -10,5; -5,0; -10,-5
    Falsche Neun:       -5,5; -10,0; -5,-5


++++++++++++++++++++++++++++++++++++++++++++++++++++++++++++++


Formationen:
5-4-1
Flach:              -25,20; -30,10; -30,0; -30,-10; -25,-20; -15,15; -20,5; -20,-5; -15,-15; -5,0
Raute:              -25,20; -30,10; -30,0; -30,-10; -25,-20; -15,15; -20,0; -10,0; -15,-15; -5,0

5-3-2
Zwei 6er:           -25,20; -30,10; -30,0; -30,-10; -25,-20; -20,10; -15,0; -20,-10; -10,5; -10,-5
Zwei 8er:           -25,20; -30,10; -30,0; -30,-10; -25,-20; -15,10; -20,0; -15,-10; -10,5; -10,-5

5-2-3
Drei Stürmer:       -25,20; -30,10; -30,0; -30,-10; -25,-20; -20,5; -20,-5; -10,5; -5,0; -10,-5
Flach (Stürmer):    -25,20; -30,10; -30,0; -30,-10; -25,-20; -20,5; -20,-5; -10,5; -10,0; -10,-5
Falsche Neun:       -25,20; -30,10; -30,0; -30,-10; -25,-20; -20,5; -20,-5; -5,5; -10,0; -5,-5



4-4-2
Raute:              -25,15; -30,5; -30,-5; -25,-15; -15,15; -20,0; -10,0; -15,-15; -10,5; -10,-5
Hängedne Spitze:    -25,15; -30,5; -30,-5; -25,-15; -15,15; -20,5; -20,-5; -15,-15; -10,5; -5,-5

4-4-1-1             -25,15; -30,5; -30,-5; -25,-15; -15,15; -20,5; -20,-5; -15,-15; -10,0; -5,0

4-3-3               
Zwei 6er:           -25,15; -30,5; -30,-5; -25,-15; -20,10; -15,0; -20,-10; -10,5; -5,0; -10,-5
Zwei 8er:           -25,15; -30,5; -30,-5; -25,-15; -15,10; -20,0; -15,-10; -10,5; -5,0; -10,-5
Falsche Neun:       -25,15; -30,5; -30,-5; -25,-15; -20,10; -10,0; -20,-10; -5,5; -10,0; -5,-5

4-3-2-1             -25,15; -30,5; -30,-5; -25,-15; -15,10; -20,0; -15,-10; -10,5; -10,-5; -5,0

4-3-1-2             -25,15; -30,5; -30,-5; -25,-15; -15,10; -20,0; -15,-10; -10,0; -5,5; -5,-5

4-2-3-1             -25,15; -30,5; -30,-5; -25,-15; -20,5; -20,-5; -10,20; -10,-5; -10,-20; -5,0

4-1-4-1             -25,15; -30,5; -30,-5; -25,-15; -25,0; -20,15; -20,5; -20,-5; -20,-15; -5,0



3-5-2               -30,10; -30,0; -30,-10; -15,15; -20,5; -20,-5; -15,-15; -10,0; -5,5; -5,-5

3-4-3               -30,10; -30,0; -30,-10; -15,15; -20,5; -20,-5; -15,-15; -10,5; -5,0; -10,-5

3-3-4               ?

2-3-2-3             ?